643.4,210
642.1,210
640.8,210
639.5,210
638.2,210
636.85,210
635.55,210
634.25,210
632.95,210
631.65,210
630.35,210
629.05,210
627.75,210
626.45,210
625.15,210
623.8,210
622.5,210
621.2,210
619.9,210
618.6,210
617.3,210
616,210
614.7,210
613.4,210
612.1,210
610.8,210
609.45,210
608.2,210
606.85,210
605.55,210
604.25,210
602.95,210
601.65,210
600.35,210
599.05,210
597.75,210
596.45,210
595.15,210
593.85,210
592.5,210
591.2,210
589.9,210
588.6,210
587.3,210
586,210
584.7,210
583.4,210
582.1,210
580.8,210
579.45,210
578.15,210
576.85,210
575.55,210
574.25,210
572.95,210
571.65,210
570.35,210
569.05,210
567.75,210
566.45,210
565.1,210
563.8,210
562.5,210
561.2,210
559.9,210
558.6,210
557.3,210
556,210
554.7,210
553.4,210
552.05,210
550.75,210
549.45,210
548.15,210
546.85,210
545.55,210
544.25,210
542.95,210
541.65,210
540.35,210
539.05,210
537.7,210
536.45,210
535.1,210
533.8,210
532.5,210
531.2,210
529.9,210
528.6,210
527.3,210
526,210
524.7,210
523.4,210
522.1,210
520.75,210
519.45,210
518.15,210
516.85,210
515.55,210
514.25,210
512.95,210
511.65,210
510.35,210
509.05,210
507.7,210
506.4,210
505.1,210
503.8,210
502.5,210
501.2,210
499.9,210
498.6,210
497.3,210
496,210
494.7,210
493.35,210
492.05,210
490.75,210
489.45,210
488.15,210
486.85,210
485.55,210
484.25,210
482.95,210
481.65,210
480.3,210
479,210
477.7,210
476.4,210
475.1,210
473.8,210
472.5,210
471.2,210
469.9,210
468.6,210
467.3,210
465.95,210
464.7,210
463.35,210
462.05,210
460.75,210
459.45,210
458.15,210
456.85,210
455.55,210
454.25,210
452.95,210
451.65,210
450.35,210
449,210
447.7,210
446.4,210
445.1,210
443.8,210
442.5,210
441.2,210
439.9,210
438.6,210
437.3,210
435.95,210
434.65,210
433.35,210
432.05,210
430.75,210
429.45,210
428.15,210
426.85,210
425.55,210
424.25,210
422.95,210
421.6,210
420.3,210
419,210
417.7,210
416.4,210
415.1,210
413.8,210
412.5,210
411.2,210
409.9,210
408.55,210
407.25,210
405.95,210
404.65,210
403.35,210
402.05,210
400.75,210
399.6,210.35
398.6,211.25
397.65,212.1
396.65,212.95
395.65,213.85
394.7,214.7
393.7,215.55
392.75,216.4
391.75,217.3
390.8,218.15
389.8,219
388.85,219.9
387.85,220.75
386.9,221.6
385.9,222.45
384.95,223.35
383.95,224.2
382.95,225.05
382,225.9
381,226.8
380.05,227.65
379.05,228.5
378.1,229.4
377.1,230.25
376.15,231.1
375.15,232
374.2,232.85
374,234.05
374,235.35
374,236.7
374,238
374,239.3
374,240.6
374,241.9
374,243.2
374,244.5
374,245.8
374,247.1
374,248.4
374,249.7
374,251.05
374,252.3
374,253.65
374,254.95
374,256.25
374,257.55
374,258.85
374,260.15
374,261.45
374,262.75
374,264.1
374,265.35
374,266.65
374,268
374,269.3
374,270.6
374,271.9
374,273.2
374,274.5
374,275.8
374,277.1
374,278.4
374,279.7
374,281.05
374,282.35
374,283.65
374,284.95
374,286.25
374,287.55
374,288.85
374,290.15
374,291.45
374,292.75
374,294.05
374,295.4
374,296.7
374,298
374,299.3
374,300.6
374,301.9
374,303.2
374,304.5
374,305.8
374,307.1
374,308.45
374,309.75
374,311.05
374,312.35
374,313.65
374,314.95
374,316.25
374,317.55
374,318.85
373.9,320.15
373.05,321.1
372.2,322.1
371.4,323.1
370.55,324.1
369.7,325.1
368.85,326.1
368,327.1
367.15,328.1
366.35,329.1
365.5,330.1
364.65,331.1
363.8,332.1
362.95,333.1
362.15,334.1
361.3,335.1
360.45,336.1
359.6,337.1
358.75,338.1
357.9,339
356.6,339
355.3,339
354,339
352.65,339
351.35,339
350.05,339
348.75,339
347.45,339
346.15,339
344.85,339
343.55,339
342.25,339
340.95,339
339.65,339
338.3,339
337,339
335.7,339
334.4,339
333.1,339
331.8,339
330.5,339
329.2,339
327.9,339
326.6,339
325.25,339
323.95,339
322.65,339
321.35,339
320.05,339
318.75,339
317.45,339
316.15,339
314.85,339
313.55,339
312.25,339
310.9,339
309.65,339
308.3,339
307,339
305.8,339.2
304.85,340.15
303.95,341.05
303.05,341.95
302.1,342.9
301.2,343.8
300.25,344.75
299.35,345.65
298.4,346.6
297.5,347.5
296.55,348.45
295.65,349.35
294.75,350.25
293.8,351.2
292.9,352.1
292,353.05
292,354.35
292,355.65
292,356.95
292,358.3
292,359.6
292,360.9
292,362.2
292,363.5
292,364.8
292,366.1
292,367.4
292,368.7
292,370
292,371.3
292,372.65
292,373.95
292,375.25
292,376.55
292,377.85
292,379.15
292,380.45
292,381.75
292,383.05
292,384.35
292,385.7
292,387
292,388.3
292,389.6
292,390.9
292,392.2
292,393.5
292,394.8
292,396.1
292,397.4
292,398.7
292,400.05
292,401.35
292,402.65
292,403.95
292,405.25
292,406.55
292,407.85
292,409.15
292,410.45
292,411.75
292,413.1
292,414.4
292,415.7
292,417
292,418.3
292,419.6
292,420.9
292,422.2
292,423.5
292,424.8
292,426.1
292,427.45
292,428.7
292,430.05
292,431.35
292,432.65
292,433.95
292,435.25
292,436.55
292,437.85
292,439.15
292,440.45
292,441.75
292,443.05
292,444.4
292,445.7
292,447
292,448.3
292,449.6
292,450.9
292,452.2
292,453.5
292,454.8
292,456.1
292,457.45
292,458.75
292,460.05
292,461.35
292,462.65
292,463.95
292,465.25
292,466.55
292,467.85
292,469.15
292,470.45
292,471.8
292,473.05
292,474.4
292,475.7
292,477
292,478.3
292,479.6
292,480.9
292,482.2
292,483.5
292,484.85
292,486.15
292,487.45
292,488.75
292,490.05
292,491.35
292,492.65
292,493.95
292,495.25
292,496.55
292,497.85
292,499.2
292,500.45
292,501.8
292,503.1
292,504.4
292,505.7
292,507
292,508.3
292,509.6
292,510.9
292,512.2
292,513.5
292,514.8
292,516.15
292,517.45
292,518.75
292,520.05
292,521.35
292,522.65
292,523.95
292,525.25
292,526.55
292,527.85
292,529.2
292,530.5
292,531.8
292,533.1
292,534.4
292,535.7
292,537
292,538.3
292,539.6
292,540.9
292,542.2
292,543.55
292,544.85
292,546.15
292,547.45
292,548.75
292,550.05
292,551.35
292,552.65
292,553.95
292,555.25
292,556.6
292,557.9
292,559.2
292,560.5
292,561.8
292,563.1
292,564.4
292,565.7
292,567
292,568.3
292,569.6
292,570.95
292,572.2
292,573.55
292,574.85
292,576.15
292,577.45
292,578.75
292,580.05
292,581.35
292,582.65
292,583.95
292,585.25
292,586.55
292,587.9
292,589.2
292,590.5
292,591.8
292,593.1
292,594.4
292,595.7
292,597
292,598.3
292,599.6
292,600.95
292,602.25
292,603.55
292,604.85
292,606.15
292,607.45
292,608.75
292,610.05
292,611.35
292,612.65
292,613.95
292,615.3
292,616.55
292,617.9
292,619.2
292,620.5
292,621.8
292,623.1
292,624.4
292,625.7
292,627
292,628.35
292,629.65
292,630.95
292,632.25
292,633.55
292,634.85
292,636.15
292,637.45
292,638.75
292,640.05
292,641.35
292,642.7
292,643.95
292,645.3
292,646.6
292,647.9
292,649.2
292,650.5
292,651.8
292,653.1
292,654.4
292,655.7
292,657
292,658.3
292,659.65
292,660.95
292,662.25
292,663.55
292,664.85
292,666.15
292,667.45
292,668.75
292,670.05
292,671.35
292,672.7
292,674
292,675.3
292,676.6
292,677.9
292,679.2
292,680.5
292,681.8
292,683.1
292,684.4
292,685.7
292,687.05
292,688.3
292,689.65
292,690.95
291.7,691.95
290.4,691.95
289.1,691.95
287.8,691.95
286.5,691.95
285.2,691.95
283.85,691.95
282.55,691.95
281.25,691.95
279.95,691.95
278.65,691.95
277.35,691.95
276.05,691.95
274.75,691.95
273.45,691.95
272.15,691.95
270.85,691.95
269.55,691.95
268.25,691.95
266.9,691.95
265.6,691.95
264.3,691.95
263,691.95
261.7,691.95
260.4,691.95
259.1,691.95
257.8,691.95
256.5,691.95
255.2,691.95
253.9,691.95
252.55,691.95
251.25,691.95
249.95,691.95
248.65,691.95
247.35,691.95
246.05,691.95
244.75,691.95
243.45,691.95
242.15,691.95
240.85,691.95
239.5,691.95
238.2,691.95
236.9,691.95
235.6,691.95
234.3,691.95
233,691.95
231.7,691.95
230.4,691.95
229.1,691.95
227.8,691.95
226.5,691.95
225.15,691.95
223.85,691.95
222.55,691.95
221.25,691.95
219.95,691.95
218.65,691.95
217.35,691.95
216.05,691.95
214.75,691.95
213.45,691.95
212.1,691.95
210.85,691.95
209.5,691.95
208.2,691.95
206.9,691.95
205.6,691.95
204.3,691.95
203,691.95
201.7,691.95
200.4,691.95
199.1,691.95
197.8,691.95
196.5,691.95
195.15,691.95
193.85,691.95
192.55,691.95
191.25,691.95
189.95,691.95
188.65,691.95
187.35,691.95
186.05,691.95
184.75,691.95
183.45,691.95
182.15,691.95
180.8,691.95
179.5,691.95
178.2,691.95
176.9,691.95
175.6,691.95
174.3,691.95
173,691.95
171.7,691.95
170.4,691.95
169.1,691.95
167.75,691.95
166.45,691.95
165.15,691.95
163.85,691.95
162.55,691.95
161.25,691.95
159.95,691.95
158.65,691.95
157.35,691.95
156.05,691.95
154.75,691.95
153.4,691.95
152.15,691.95
150.8,691.95
149.5,691.95
148.2,691.95
146.9,691.95
145.6,691.95
144.3,691.95
143,691.95
141.7,691.95
140.35,691.95
139.1,691.95
137.75,691.95
136.45,691.95
135.15,691.95
133.85,691.95
132.55,691.95
131.25,691.95
129.95,691.95
128.65,691.95
127.35,691.95
126.05,691.95
124.75,691.95
123.4,691.95
122.1,691.95
120.8,691.95
119.5,691.95
118.2,691.95
116.9,691.95
115.6,691.95
114.3,691.95
113,691.95
111.7,691.95
110.4,691.95
109.05,691.95
107.75,691.95
106.45,691.95
105.15,691.95
103.85,691.95
102.55,691.95
101.25,691.95
99.95,691.95
98.65,691.95
97.35,691.95
96,691.95
94.7,691.95
93.4,691.95
92.1,691.95
90.8,691.95
89.5,691.95
88.2,691.95
86.9,691.95
85.6,691.95
84.3,691.95
83,691.95
81.65,691.95
80.4,691.95
79.05,691.95
77.75,691.95
76.45,691.95
75.15,691.95
73.85,691.95
72.55,691.95
71.25,691.95
69.95,691.95
68.6,691.95
67.35,691.95
66,691.95
64.7,691.95
63.4,691.95
62.1,691.95
60.8,691.95
59.5,691.95
58.2,691.95
56.9,691.95
55.6,691.95
54.25,691.95
53,691.95
51.65,691.95
50.35,691.95
49.05,691.95
47.75,691.95
46.45,691.95
45.15,691.95
43.85,691.95
42.55,691.95
41.25,691.95
39.95,691.95
38.65,691.95
37.3,691.95
36,691.95
34.7,691.95
33.4,691.95
32.1,691.95
30.8,691.95
29.5,691.95
28.2,691.95
26.9,691.95
25.6,691.95
24.25,691.95
22.95,691.95
21.65,691.95
20.35,691.95
19.05,691.95
17.75,691.95
16.45,691.95
15.15,691.95
13.85,691.95
12.55,691.95
11.25,691.95
9.9,691.95
8.65,691.95
7.3,691.95
6,691.95
4.7,691.95
3.4,691.95
2.1,691.95
0.8,691.95
-0.5,691.95
-1.8,691.95
-3.15,691.95
-4.4,691.95
-5.75,691.95
-7.05,691.95
-8.35,691.95
-9.65,691.95
-10.95,691.95
-12.25,691.95
-13.55,691.95
-14.85,691.95
-16.15,691.95
-17.45,691.95
-18.75,691.95
-20.1,691.95
-21.4,691.95
-22.7,691.95
-24,691.95
-25.3,691.95
-26.6,691.95
-27.9,691.95
-29.2,691.95
-30.5,691.95
-31.8,691.95
-33.1,691.95
-34.45,691.95
-35.75,691.95
-37.05,691.95
-38.35,691.95
-39.65,691.95
-40.95,691.95
-42.25,691.95
-43.55,691.95
-44.85,691.95
-46.15,691.95
-47.5,691.95